8405001500101012015
8405001500101022015
8405002500201012010
8405002500202022011
8405003500301011997
8405003500302022007
8405004500401011998
8405005500501012012
8405005500502021994
8405006500601012013
8405006500602022009
8405007500702022005
8405008500801011984
8405008500803032008
8405009500901011997
8405009500902022013
8405010501001011999
8405010501002022013
8405011501101011998
8405011501103032016
8405012501201012008
8405012501203031996
8405013501301012000
8405013501302022017
8405013501302042017
8405013501303032004
8405014501401012015
8405014501401022015
8405015501501011980
8405015501502022007
8405015501503031998
8405016501601012018
8405016501602021992
8405017501701011998
8405017501702022012
8405018501801012014
8405018501802022003
8405019501901012013
8405019501902021987
8405021502101012007
8405021502102021998
8405022502201011999
8405022502201021999
8405022502202032015
8405023502301012006
8405023502302022006
8405024502401012010
8405024502403032006
8405025502501012018
8405025502502022004
8405026502601011999
8405026502602021991
8405026502603031993
8405026502604042010
8405027502701012000
8405027502702022002
8405028502801012003
8405028502802021992
8405028502802031992
8405029502901012003
840502950290202    
8405030503003032013
8405031503101012002
8405031503102022006
8405032503201022007
8405033503301011995
8405033503303032002
8405034503401011999
8405034503403032013
8405035503501012012
8405035503502021984
8405036503601012017
8405036503601032017
8405037503701012014
8405037503702022019
8405038503801012007
8405038503802022003
8405039503901012001
8405040504001031979
8405040504002041989
8405041504102022016
8405042504201012012
8405043504301012017
8405043504302022016
8405044504402022009
840504550450101    
8405045504502022018
8405046504602021998
8405047504702022005
8405048504801012000
8405048504803032013
8405049504903032017
8405049504904041985
8405050505001012012
8405050505002022012
8405050505003032015
8405051505101011999
8405051505102022017
840505250520101    
8405052505202021998
8405052505203032005
8405053505301012006
8405054505402021998
8405055505502022014
8405056505601012005
8405056505602022000
8405057505701012000
8405057505702022011
8405058505802021998
8405059505901011990
8405059505902022000
8405060506001012015
8405060506002022008
8405061506101012010
8405061506103032012
8405062506201011994
8405062506202021997
8405063506302021984
8405064506401011995
8405064506402022013
8405065506502021991
8405066506601011991
8405066506601031987
8405066506602022017
8405066506603041983
8405067506701011999
8405067506701031999
8405067506702021999
8405067506702041999
8405068506801011994
8405068506802021996
8405069506901012000
8405069506902021992
840507050700101    
8405070507002021994
8405071507101012008
8405071507103031990
8405072507201012013
8405073507301012016
8405073507302022018
8405074507401012015
8405074507402021990
8405075507501011999
8405075507502022014
8405076507601012014
8405076507602022007
8405077507702022014
8405077507703031994
8405078507801011997
8405078507803031995
8405078507804041996
8405079507901012002
8405079507902021994
8405080508001012009
8405080508002021998
8405080508003032005
8405081508101012018
8405081508102022016
8405082508201012014
8405082508203032004
840508250825151    
840508250825152    
8405083508301011977
8405084508401012010
8405084508402022013
8405084508403031997
8405084508404042007
8405085508501012015
8405085508502022007
8405086508602022009
8405087508701012018
8405087508702022010
8405088508801012003
8405089508901011997
8405089508902021995
8405090509001012005
8405090509002021988
8405091509101012005
8405091509102021995
8405091509103032016
8405092509202022003
8405093509301011996
8405094509401012005
8405094509402022012
8405095509501012013
840509550950202    
8405096509601012015
8405096509601022015
8405097509701012012
8405097509702022010
8405098509801012000
8405099509901012013
8405100510001012007
8405100510002022012
8405101510102021999
8405102510202021991
8405102510203032013
8405104510401012019
8405104510402022013
8405105510501011988
8405105510501031988
8405105510502021987
8405105510502041987
8405106510601012006
8405107510701011998
8405107510702021989
8405108510801011994
8405109510901011998
8405109510902022017
8405110511001012001
8405110511002022003
8405111511101011996
8405111511101031996
8405111511102021998
8405111511102041998
8405112511201012015
8405112511202021997
8405113511301012003
8405114511401012016
8405114511401039999
8405114511402022000
8405115511503032018
8405116511601012010
8405116511602022016
8405117511701012010
8405117511702029999
8405118511801019999
8405118511801022006
8405119511901012017
8405119511901032017
8405119511903042008
8405120512001012001
8405120512003032005
8405121512101012015
8405122512201012017
8405123512302022011
840512351230303    
8405124512402022011
8405125512501011985
8405125512502022011
8405126512601012004
8405126512602021995
8405127512701012018
8405128512801011999
8405128512802021997
8405129512902022006
8405130513001012000
8405130513002022002
8405130513002032002
8405130513002052002
8405130513003041986
8405130513004061983
8405131513101011984
8405132513201011993
8405132513202022000
8405132513203031992
8405133513301012018
8405133513302021991
8405134513403032000
8405134513404042012
8405135513501011994
8405136513601012004
8405136513601032004
8405137513701032005
8405137513702042000
8405138513801012001
840513851380202    
8405139513901011999
8405139513901021993
8405140514001012015
8405140514002022015
8405141514101012018
8405141514102022017
8405142514201012012
8405143514301011996
8405143514303031990
8405144514401012015
8405144514402022018
8405144514403031993
8405145514501012016
8405145514502022014
8405146514601012006
8405146514603032003
8405148514801012001
8405148514802022012
8405149514901011996
8405149514902022014
8405150515001012012
8405150515001022012
8405151515102022006
8405151515103032018
8405152515201012008
8405152515203032004
8405153515301011978
8405153515302022004
8405154515401011998
8405154515402022002
8405155515501012010
8405155515501022010
8405156515601022017
8405157515701012011
8405157515703032013
8405158515801012007
8405158515801022003
8405159515901011998
8405159515902022001
8405160516001012002
8405160516002022016
8405161516101011996
8405161516102022016
8405162516201012001
8405162516202022009
8405163516302021995
8405164516401012013
8405164516402021999
8405165516501012018
8405165516502021996
8405166516601012014
8405166516602022015
8405166516602042015
8405166516603032000
8405167516701012000
8405168516801012001
8405168516802022000
840516951690103    
8405169516902042018
8405170517001011996
8405171517101011993
8405171517102022003
8405172517201012000
8405172517203032017
8405173517301011999
8405173517302022008
8405173517303031992
8405173517304041995
8405173517305051999
8405174517401012004
8405175517501012010
8405176517602021997
8405177517701012009
8405177517702022002
8405177517703032009
8405178517801012004
8405178517802022001
8405178517803032005
8405179517901012016
8405180518001011994
8405180518004042005
8405181518102021994
8405181518104042001
8405182518201012000
8405182518203032000
8405183518301011990
8405184518401012018
8405184518403031982
8405185518501011997
8405186518601012004
8405187518701011992
8405187518701021992
8405188518801012018
8405188518802021999
8405189518901012012
8405189518901022012
8405190519001012018
8405190519002022014
8405192519201011981
8405192519202022014
8405193519301011998
8405193519301031998
8405193519302022018
8405193519302042018
8405194519401011986
8405194519403031999
8405195519502022013
8405196519601012018
8405196519602022017
8405197519701019999
8405197519701032012
8405197519702022005
8405197519702042018
8405198519801012008
8405198519802022003
8405199519901011992
8405200520001012017
8405200520003032013
8405201520101012008
8405201520103032008
840520252020101    
8405202520202022005
8405203520301011989
8405203520302021990
8405204520401012017
8405205520501012005
8405206520601012017
8405207520701011989
8405207520702022014
8405208520801012011
8405209520901012009
8405210521001012007
8405210521002022015
8405211521101012002
8405211521103032008
8405212521201012015
8405212521202022000
8405213521301012001
8405213521301032001
8405213521302022003
8405213521302042003
8405214521401012008
8405214521402022000
8405214521403031997
8405215521501012014
8405215521502022001
8405216521601011987
8405216521602022012
8405217521701011995
8405217521702021989
8405217521702041988
8405217521703032018
8405218521801011997
8405218521802022006
8405220522001012014
8405220522001022014
8405220522002032015
8405221522101012015
8405221522101032015
8405221522102022011
8405221522102042011
8405222522201012015
8405222522201022015
8405223522301012013
8405223522301022013
8405224522402022001
8405225522501012006
8405225522502022007
8405226522601012015
8405226522602021987
8405227522702021999
8405227522703032001
8405228522801012013
8405228522801032013
8405228522802021985
8405228522802041985
8405229522901012013
8405229522902022008
8405230523002022014
8405231523101012008
8405231523102022016
8405232523201012010
8405232523202022018
8405232523203032011
8405233523301011982
8405233523302021999
8405234523401032012
8405234523403041992
8405235523501012014
8405235523502022000
8405236523601012007
840523652360202    
840523652360204    
8405236523603032005
8405237523702021989
8405238523801012005
8405238523802021993
8405238523803032006
8405239523901012010
8405239523902022010
8405240524001012008
8405240524002022010
8405241524101012005
8405241524102022007
8405241524103031989
8405241524104042002
8405242524201012002
8405242524202022000
8405242524203031994
8405243524301012013
8405243524302021992
8405244524401012016
8405244524401022016
8405245524501012017
8405246524601012017
8405246524602021997
8405246524603031996
8405247524701012014
8405247524702022015
8405248524802022014
8405248524803031990
8405249524901012012
8405249524901022012
8405250525001012003
8405250525001031983
8405250525002021989
8405251525101012007
8405251525102022007
8405251525102032007
8405252525201012015
8405252525202022017
8405252525203031996
8405253525301012011
8405253525303032001
840525452540101    
8405256525601011994
8405256525602022002
8405257525702021994
8405258525801011994
8405259525901011988
8405259525902021997
8405260526001012001
8405260526002021995
8405261526101012015
8405261526102021986
8405262526201012000
8405262526202021986
8405263526302022008
8405264526401012006
8405264526403032018
8405265526501012010
8405265526502021999
8405266526601011999
8405266526602022017
8405267526703032001
8405268526801012001
8405268526802022014
8405269526902021999
8405269526903032018
8405270527001012000
8405271527101012012
8405271527102022011
8405272527201012003
8405273527301031992
8405273527302041999
8405274527401012005
8405276527601011990
8405276527603031996
8405276527604051999
8405277527701012015
840527752770202    
840527752770204    
8405277527703032015
8405278527801012015
8405278527802021998
840527852780303    
8405279527901011991
8405279527902021999
8405280528001012002
8405280528001032002
8405280528002022006
8405280528002042006
8405281528101012002
8405281528102021985
8405282528201012018
8405282528202021989
8405283528301012013
8405283528303032001
8405284528401012003
8405284528402022005
8405284528403032001
8405285528501012013
8405285528502022016
8405286528601011993
8405286528602022009
8405286528603032016
8405287528701012013
8405287528702022013
8405288528801011995
8405288528801031995
8405288528802029999
8405288528802042006
8405289528901011995
8405289528903032017
8405290529001012015
8405290529001032016
8405290529002022011
8405290529002042011
8405291529101012015
840529152910202    
840529152910204    
8405291529103032014
8405292529201019999
8405292529202022007
8405293529301012009
8405293529303031994
8405294529403031999
