8405001500101011994 4
8405001500102021996 1
8405002500201011989 4
8405002500202021987 2
8405003500301011994 1
840500350030202      
8405004500401011995 7
8405004500402022014 1
840500550050101999999
8405006500601012006 1
8405006500602022009 2
8405007500701012013 4
8405007500702021992 4
8405008500801012006 1
8405008500801022006 1
8405008500801032006 1
8405009500901012000 2
8405009500901022000 2
840501050100101      
840501050100202      
8405011501101011999 1
840501250120103200110
8405012501202022001 2
840501250120304      
8405013501301012017 1
8405013501302021999 2
8405014501401011997 4
8405014501402022001 2
8405015501501012008 1
8405015501501022008 4
8405016501601011988 4
8405016501601021988 1
8405017501701011996 1
8405018501801011998 2
8405018501801021998 2
8405019501901012004 1
8405019501902021993 1
8405020502002022010 2
8405021502101011994 2
8405021502102022015 4
8405022502201012006 1
8405022502202022012 4
8405023502301011995 2
8405023502301021995 2
840502350230203200710
8405024502401012010 1
8405024502402021995 2
8405025502501012010 2
8405025502501022010 4
8405026502601012013 7
8405026502601022013 4
8405027502701011999 2
8405027502702022005 2
8405028502801012015 1
840502850280202      
8405029502901012010 1
8405029502901022010 1
8405029502901032010 1
8405030503001011989 2
8405030503001021989 4
840503150310101      
8405032503201012009 2
8405032503202021997 3
8405033503301012008 4
8405033503302022017 4
8405034503401011995 1
8405036503601012007 2
8405036503602021988 2
8405037503701012002 4
8405037503702022009 2
8405038503801011994 1
8405038503801021994 1
8405039503902021990 4
8405040504001012005 9
8405040504002022017 9
840504050400303      
8405040504004042016 9
8405041504103032009 1
8405042504201011990 4
8405042504202022016 2
8405043504301012012 7
8405043504302022017 4
8405044504401011994 1
8405044504402022011 1
8405045504501011994 1
8405045504501021994 1
8405046504601012014 1
8405046504601022010 4
840504650460203      
840504750470101201099
8405047504702021996 1
8405048504801011990 2
8405048504802022016 2
8405048504802032016 2
8405049504901012010 3
8405049504901022010 3
8405050505001012005 4
840505050500202200810
8405050505003031998 2
8405051505101012004 1
8405051505101022004 1
8405052505201012017 2
8405052505202022012 2
8405053505301012012 5
8405053505301022012 2
8405055505501011997 4
8405055505501031997 2
8405055505502022014 1
8405056505601011992 2
8405057505701011996 1
8405057505702022014 2
8405058505801012001 1
8405058505802022013 1
8405059505901012009 7
8405059505901022009 1
8405060506001012009 4
8405060506002021978 4
8405060506003031971 2
8405061506102022008 2
8405062506201011999 4
8405062506202022005 2
8405063506301012017 1
8405063506302022007 1
8405063506303032015 4
840506450640101999999
840506450640104201310
8405064506402021994 4
8405065506501011997 9
8405065506501021997 9
8405066506601012018 2
8405066506601032018 2
8405067506701012016 2
8405067506701021995 2
8405068506801012007 2
8405068506802022007 2
8405069506901022007 2
8405070507001012018 2
8405070507001022018 2
8405070507002032006 4
840507150710101      
840507150710202      
8405072507201011997 2
8405072507202022002 4
8405073507301012007 2
8405073507302021980 4
8405074507401012003 4
8405074507402022015 4
8405075507501012016 4
8405075507501022003 4
8405076507602022010 2
840507750770101      
840507750770103      
840507750770202      
8405078507801012011 9
8405078507802022006 1
8405079507901011996 4
8405079507902021996 7
8405080508001012012 5
8405080508001022012 2
8405081508102021995 4
840508250820101      
8405082508202021995 2
8405083508301012011 1
8405083508301032011 4
840508350830202      
8405084508401022007 2
8405085508501012016 2
8405086508601012001 4
8405086508602022016 1
840508750870303      
840508850880101      
8405088508802022012 4
8405089508901012007 5
8405089508902022000 4
8405090509005012005 2
8405090509006022005 2
8405091509101012003 4
8405092509201012002 2
8405093509301011989 2
8405093509301021989 2
840509350930203      
8405093509303042012 1
8405094509401022006 2
8405095509501012013 1
8405095509502022016 1
8405096509601012014 2
8405096509602022000 6
8405096509603032006 2
8405097509701012018 2
8405098509801011991 2
8405098509802022011 2
8405099509901011989 2
8405100510001012018 6
8405100510001022018 6
8405101510101012013 1
8405101510102022001 1
8405101510102032001 1
8405102510201012009 4
840510251020202      
8405103510301011993 9
8405103510302022015 5
8405103510302032015 5
8405104510401012013 1
8405104510401022013 1
840510551050101201099
8405106510601011982 4
8405106510602022016 9
8405107510701011998 1
8405107510701021998 4
8405108510802022018 1
8405109510901012010 4
8405109510901022010 2
8405110511001012006 4
8405110511002022006 7
8405110511004042001 2
8405111511101012013 4
8405111511101022013 4
840511251120101      
8405112511202022004 1
8405113511301012004 1
8405113511302022012 4
8405113511303032012 7
8405114511401012003 1
8405114511401022003 1
8405115511501021998 2
8405116511601011997 4
8405116511602021993 4
8405117511702022011 1
8405117511707072019 7
8405118511801012005 2
8405118511802022000 4
8405119511901012014 4
8405119511903032001 1
8405119511904052002 1
8405120512001012001 4
8405120512002021999 4
8405121512101012016 4
8405122512201011995 4
8405122512201021995 2
8405123512301012010 4
8405123512302022016 9
840512451240101200299
8405124512401022002 1
8405125512501012016 4
840512551250102201699
8405126512601011996 4
8405126512602022000 1
8405127512701012008 4
8405127512702022015 1
8405128512801012014 1
8405128512801032014 1
8405128512802022007 2
8405129512901011998 1
8405129512902022010 2
8405131513101012000 4
8405131513101022000 4
8405131513102032002 4
8405131513103042000 1
8405132513201012000 1
840513251320202199710
8405132513203032000 7
8405133513301012015 1
840513351330202      
8405134513401011984 5
8405134513401021984 4
8405134513401031984 4
8405135513501021992 2
840513651360101      
8405137513701011996 4
8405138513801012002 2
8405138513802022008 2
8405139513901012007 1
8405139513902021997 6
8405140514001012017 2
8405140514002022013 5
8405141514101012005 4
8405141514102021995 2
8405142514201012001 1
8405143514301012009 4
8405143514302022008 2
8405144514401012004 1
8405144514402021984 1
8405145514501011998 9
8405146514601012008 2
840514651460203200910
8405147514701011997 7
8405147514702022013 2
8405148514801012001 2
8405148514801022001 2
8405148514802032005 2
8405149514901011989 2
8405149514901021989 2
8405150515001012010 1
8405151515101012017 1
8405151515102022013 1
8405151515103032013 4
840515251520101      
840515251520103      
8405153515301012017 4
8405153515305052004 1
8405154515401012004 2
8405154515401022004 2
8405155515501011993 1
8405155515502022012 4
840515651560101      
840515651560202      
8405157515701011994 2
8405157515701021994 2
8405158515801012007 1
8405158515801022007 1
8405159515901011988 1
8405160516001012012 2
8405160516002022011 1
8405161516102022007 4
8405162516201012004 2
8405162516202022002 1
8405163516301011985 2
8405164516401011973 2
8405164516402022000 7
8405164516402032000 7
8405165516502022003 1
8405165516503031996 1
8405166516601011998 2
8405166516601021998 2
8405166516601031998 2
8405167516701011988 4
8405167516702022007 2
8405168516801011993 2
8405168516801021993 4
8405169516901021990 1
8405170517001012014 2
8405170517001032014 2
8405171517101012010 2
8405171517102022008 1
8405172517202022007 2
8405173517301021999 2
8405174517401011984 1
8405174517401021984 1
8405174517403042002 4
8405174517403052002 4
8405174517405072018 1
840517551750101      
840517551750202      
840517551750203      
8405176517601012001 1
8405176517602022004 1
8405176517603032017 9
8405177517701012007 2
8405178517801011992 2
8405179517901011987 4
8405179517901021987 4
840518051800101201899
8405181518101012008 4
8405181518101022008 4
8405182518201012009 2
8405182518201022009 2
8405183518301011996 4
8405183518302022008 1
8405184518401011998 2
8405184518402022000 1
8405185518501012017 1
8405185518502022000 1
8405186518601012002 2
8405186518602022005 2
8405187518701019999 4
8405187518702021985 2
8405188518801011994 1
8405188518801021994 1
8405188518802031989 1
8405188518803042012 7
8405189518901012011 2
8405189518901022011 2
8405190519001012005 2
8405190519001022005 2
8405190519002032005 2
8405191519102022012 1
8405192519201011992 5
840519251920602      
8405193519301011991 4
8405193519302022001 9
8405194519401011992 4
8405194519402022017 1
8405195519501012017 1
8405195519501022017 1
8405196519601012017 1
8405196519601022017 1
8405197519701012012 2
8405197519701022012 2
8405198519801012000 4
8405199519901011998 4
8405199519902022013 2
840520052000101      
840520052000102      
840520152010101      
8405202520201012003 1
8405202520201022003 1
8405203520301011994 3
840520452040101      
840520452040102      
8405205520501012012 4
8405205520501022007 4
8405205520502031994 3
8405206520601011991 1
8405206520601021991 1
8405207520702022006 4
8405209520902012006 1
8405209520904022016 1
8405210521001011982 1
8405210521002021974 4
8405211521101012004 2
8405212521201011988 4
8405212521201021988 7
8405212521202032006 2
8405213521301012007 1
8405213521301022007 1
8405214521401012006 4
840521552150101201699
8405215521502022017 4
8405216521601011987 1
8405217521701012002 2
8405217521702022000 4
8405218521801012018 2
8405218521802022003 2
8405219521901012013 1
8405219521902022016 1
8405220522001012018 4
8405220522002022010 4
8405222522201012004 9
8405223522301011992 7
8405223522301021992 4
8405224522401012013 1
8405224522402021979 1
8405225522501012001 2
8405225522501022001 2
840522652260202      
8405227522701012005 4
8405227522702022015 4
8405228522801021996 4
8405229522901012010 2
8405229522901022010 4
8405230523001012008 5
8405231523101012010 4
8405231523101022010 4
8405231523101042010 4
8405231523102032008 3
8405231523103052017 3
8405231523104062017 3
8405232523202022013 7
8405233523301012012 1
8405233523301022012 1
8405234523401012011 4
8405234523402021973 4
8405234523403032007 2
8405235523501012003 5
8405235523502022008 5
840523552350303200110
8405236523601012011 1
840523652360202201499
8405237523701012016 1
8405237523702022001 2
8405238523801022004 4
840523952390101      
8405239523902021991 4
8405240524001011988 4
8405240524001021988 4
8405240524001031988 1
8405240524002041989 1
8405241524101011988 3
8405241524102022003 4
8405242524201012012 2
8405243524301012017 2
8405243524302022010 4
8405244524401012002 4
8405244524402022011 1
8405245524501022008 2
8405246524601012001 4
8405246524602021992 2
8405247524701011993 2
8405247524701021993 2
8405248524805012008 1
8405248524807029999 1
8405248524808039999 1
8405249524901011981 4
8405249524901029999 4
8405250525001012010 1
8405250525002022004 1
8405251525102031974 1
8405251525103042002 1
8405252525201011989 4
8405252525202022010 7
840525252520303      
8405253525301012005 1
8405253525301022005 4
8405255525501012016 4
8405256525601022009 2
8405257525702022014 4
8405257525703032013 1
8405258525801011995 2
8405258525801021995 7
8405259525901011988 4
8405259525902022012 2
8405260526001011999 4
8405261526101011995 4
8405261526102022012 2
8405262526201012003 4
8405262526201022003 4
8405263526301012017 1
8405264526401012015 4
8405265526501012001 1
8405265526501022001 1
8405265526502032004 1
840526552650304201010
8405266526601012011 9
8405266526602022014 4
8405267526701011996 2
8405268526802022013 1
8405269526901012007 4
8405269526902022006 9
8405270527001012003 1
8405271527101012008 2
8405271527103032007 2
8405272527201012014 9
8405272527201022014 9
8405273527301011994 7
8405273527302022004 4
8405274527401012015 4
8405274527402022017 2
8405275527501012003 1
840527552750202      
840527552750303      
8405276527602021997 1
8405277527701011998 4
8405277527701021998 4
8405278527801011999 1
8405278527802022013 2
8405279527901012005 1
8405279527902021984 4
