8405001 2 121111111131
8405002 2 121212121231
8405003 2 129999999951
8405004 4 131212121251
840500599 199999999941
8405006 2 131112111251
8405007 2 121211121121
8405008 1 131111111131
8405009 2 131211121241
8405010 3 111211121121
8405011 4 131211121151
8405012             21
8405013 2 121212121231
8405014 2 121112111231
8405015 2 121212121231
8405016 2 121111111121
8405017 2 731111111151
8405018 2 121111111131
8405019 2 121212121231
8405020 4 231112111231
8405021 3 121212121241
8405022 3 121212121221
8405023 2 121112111241
8405024 5 131112111251
8405025             51
8405026 5 111111111131
8405027 2 121111111121
8405028 3 731211121151
8405029 2 131212111251
8405030 1 121112111231
8405031 2 111212121211
8405032 2 139999999951
8405033 2 711212121231
8405034 1 131111111151
840503699 199999999931
8405037 2 121211121121
8405038 2 131111111151
8405039 3 121211121241
8405040 2 111112111221
8405041 5 131111111141
8405042             51
8405043 2 121211121121
8405044 2 121212121231
8405045             51
8405046 2 131112111251
8405047 4 111112111231
8405048 2 131212121241
8405049 5 231111111151
8405050 2 121212121221
8405051 1 121112111251
8405052 5 131211121151
8405053 1 131111111141
8405055 3 131112111241
8405056 2 111112111221
8405057 2 731112111241
8405058 3 131111111151
8405059             41
8405060 2 921212121212
8405061 2 231212121251
8405062 4 121212121241
8405063 3 121122112231
8405064 2 121211111131
8405065 4 121222122221
8405066 2 131211121141
8405067 2 111112111221
8405068 2 121122122231
8405069 6 131212121251
8405070 2 131111111141
8405071 4 131211121151
8405072 3 131111111141
8405073             41
8405074 2 111212121211
8405075 4 131111111151
8405076 4 131111111251
8405077 2 229999999921
8405078 3 121212122231
8405079 4 121111111131
8405080 4 111222122231
8405081 2 131212121241
8405082 3 121211121141
840508399 199999999931
8405084 4 321212121231
8405085 3 121211121131
8405086 3 121111111151
8405087             31
8405088 2 121222222211
8405089 2 111112111211
8405090 5 121111111151
8405091 2 122212221221
8405092 2 121112111231
8405093 1 831211121152
840509499 199999999941
8405095 2 131112111241
8405096 3 121111111141
8405097 2 131111111141
8405098             11
8405099 2 121112111231
8405100 2 911111111112
8405101 4 331112111251
8405102 4 131111111151
8405103 6 131111111131
8405104 3 121212121231
8405105 3 721111111151
8405106 6 131111111141
8405107 2 131212121231
8405108 3 121111111131
8405109 1 921211121132
8405110 2 121212121221
8405111 4 721211121141
8405112             51
8405113 4 221111111141
8405114 2 121212121231
8405115 2 121222122251
8405116 2 111211121111
8405117 5 231122112251
8405118 5 131111111151
8405119 4 931212121242
8405120 1 121212121231
8405121 2 121111111131
8405122 1 822211221122
8405123 4 131121112131
8405124 1 131112111241
8405125 4 131112111251
8405126 4 121111111141
8405127 4 131111111141
8405128 3 131212121251
8405129 3 131111111151
8405131 2 131222122251
8405132 2 111222122211
8405133 5 131111111151
8405134 1 131211121141
8405135 1 111221122121
8405136             51
8405137 1 831212121212
8405138 2 121112111231
8405139             31
8405140 2 121112111231
8405141 2 121212121241
8405142 2 931212121252
8405143             31
8405144 4 121111111141
8405145             51
8405146 1 121212121231
8405147 4 121112111231
8405148 2 121212121231
8405149 2 121212121131
8405150 2 821211121112
8405151 6 131112111151
8405152 1 121111111141
8405153 2 321212121241
8405154 1 121112111241
8405155 2 121212121231
8405156             31
8405157 4 131211121141
8405158 4 131111111151
8405159 3 111222122231
8405160 3 131211121141
8405161 3 121112111221
8405162 2 111112111231
8405163 3 931222122222
8405164 2 121211121121
8405165 3 121112111121
8405166 2 121111121121
8405167 2 121212121231
8405168 2 121212121231
8405169 5 131212121251
8405170 3 121111111151
8405171 3 121112111141
8405172 4 131111111151
8405173 2 121212121231
8405174 1 131212121231
8405175 6 131211121151
8405176 2 321212121231
8405177 2 731211121141
8405178 2 131112111241
8405179 2 131212121231
8405180 3 121111111131
8405181 4 131111111151
8405182 5 131111111151
840518399 121999921931
8405184 3 111112111221
8405185 3 121111111151
8405186 4 121212121231
8405187 2 221211121141
8405188 2 131111111151
8405189 5 731112111251
8405190 3 721211121141
8405191 5 131212121251
8405192 3 121211121131
8405193 3 131111111131
8405194 2 111111111121
8405195 3 731111111141
8405196 2 131212121131
8405197 4 131212121251
8405198 2 121211121121
8405199 3 221111111141
8405200             51
8405201 3 211212121231
8405202 4 111212121221
8405203 3 121212121241
8405204 1 131212121241
8405205 2 911212122212
8405206 3 131212121251
8405207 2 111212121211
840520999 199999999951
8405210 2 121212121231
8405211 4 131212121251
8405212 4 231112111241
8405213 5 121111111131
8405214 6 131111111151
8405215             41
8405216 2 221212121251
8405217 2 121212121221
8405218 3 131212121251
8405219999991111111141
8405220 4 121111121141
8405222 3 111222122221
8405223 2 812211221112
8405224 2 231111111151
8405225 2 121212121241
8405226 5 121112111251
8405227 2 121212121221
8405228 2 231112111241
8405229 4 131111111151
8405230 2 111211121121
8405231 2 131212121231
8405232 2 121212121231
8405233 4 721111111151
8405234 2 121112111231
8405235 2 121221122121
8405236             41
8405237 4 121111111151
8405238 1 121212121231
8405239 1 731111111251
8405240 2 121212121231
8405241 2 121112111221
8405242 3 121212121241
8405243 2 121212121211
8405244             51
8405245 3 121212121251
8405246 2 121111111131
8405247 4 131212121241
8405248 4 731111111151
8405249 1 921212121212
8405250 2 131111111141
8405251 2 231111111141
8405252 2 131112111241
8405253 2 121212121241
8405255 2 131112111251
8405256             51
8405257 5 131112111241
8405258 3 121111121111
8405259 4 121111111141
8405260 2 111112111211
8405261 2 111111111111
8405262 2 911212121212
8405263             11
8405264 3 121111111131
8405265 2 121211121131
8405266 2 111212121211
8405267 2 121111111131
8405268 3 121212121241
8405269 4 121111111121
8405270 2 131221122131
8405271             41
8405272 6 131211121251
8405273 2 121111111131
8405274 2 121112111221
8405275 5 131112111251
8405276 3 121212121231
8405277 3 121212121221
8405278 2 121212121231
8405279 4 121111111141
